1
2
3
4
5
6
1
7
6
8
9
10
2
11
5
8
12
12
7
7
6
2
13
12
14
13
5
13
8
15
14
16
11
17
6
11
12
9
11
18
10
9
12
14
13
8
11
12
13
2
16
5
7
7
18
5
4
18
13
19
1
15
17
2
2
5
3
16
18
7
12
3
14
18
9
3
1
12
20
3
19
9
19
19
20
12
10
10
7
18
7
14
2
7
17
19
17
9
16
4
4
5
3
10
1
2
5
15
10
13
4
6
13
13
9
1
6
3
18
8
16
12
13
7
5
12
10
10
16
20
11
11
18
20
3
9
17
7
15
13
4
3
15
9
14
15
13
14
10
14
17
5
13
7
11
3
4
9
10
16
18
2
17
15
19
2
15
13
19
13
13
12
18
3
15
4
9
3
6
14
7
10
4
3
20
13
6
17
7
15
20
20
6
3
13
15
7
2
8
8
15
10
10
12
18
9
18
19
3
3
16
14
5
2
15
18
2
6
15
14
7
12
15
3
3
10
3
1
15
10
12
11
19
12
7
13
16
18
8
11
8
12
4
10
15
6
16
6
19
1
20
11
12
1
19
2
5
8
5
3
6
9
15
14
3
18
10
6
3
12
7
17
20
9
10
2
7
6
12
2
7
16
1
17
14
2
10
20
12
12
8
9
16
2
13
11
3
4
14
17
12
9
19
11
9
9
11
11
10
7
7
1
1
19
16
10
6
2
6
3
11
14
3
11
5
7
17
16
6
4
6
7
9
18
20
11
18
17
12
5
19
17
2
18
5
12
10
3
13
12
3
1
4
10
10
17
14
3
4
6
8
15
1
5
5
2
19
11
10
16
11
5
5
10
3
7
13
17
10
10
4
10
10
12
15
2
6
1
12
7
7
8
4
18
13
1
11
12
5
2
