1
2
3
1
4
5
6
7
8
9
8
1
10
11
4
12
13
11
14
15
4
14
16
5
4
9
15
17
18
13
4
8
15
2
2
14
18
14
14
6
6
8
9
2
14
13
1
14
7
9
13
4
12
17
16
9
10
2
7
19
18
17
10
11
3
15
20
5
18
7
20
17
10
19
17
8
15
7
7
13
6
4
20
18
10
6
3
5
14
7
20
20
3
9
5
5
17
9
12
18
12
19
19
16
7
15
6
20
14
3
18
2
17
18
3
8
9
11
8
12
9
2
10
10
19
20
1
20
5
19
11
10
4
4
7
20
16
9
16
3
16
12
11
8
6
8
2
19
19
10
8
15
20
12
13
13
5
1
13
9
13
19
12
19
19
1
6
20
18
11
9
11
8
7
3
16
20
19
15
11
1
3
10
20
11
3
17
18
8
19
8
2
19
1
2
15
3
8
13
14
13
13
10
2
15
16
20
9
19
12
1
13
8
3
15
9
15
14
7
12
9
6
15
18
7
12
2
4
2
12
4
16
2
6
2
8
16
2
10
3
3
15
15
6
17
14
5
7
18
13
19
11
2
12
1
7
9
9
17
1
19
9
12
9
18
4
8
5
7
12
5
9
7
19
1
3
16
8
1
11
20
9
14
12
16
2
9
5
18
5
13
17
9
2
2
19
11
20
6
18
14
4
20
7
8
5
12
13
16
1
12
10
17
14
13
2
2
8
9
6
3
19
12
18
11
15
13
2
5
20
9
4
6
2
6
3
18
17
2
20
6
12
1
12
17
13
13
7
9
9
15
5
2
17
13
14
4
7
3
15
6
13
17
7
8
18
17
17
19
13
17
10
9
12
20
20
14
12
8
20
19
20
20
12
2
14
9
17
20
7
11
2
15
12
20
17
16
6
15
12
